-0.05 -0.00031248519281835453
-0.0495 -0.00032848802416226425
-0.049 -0.0003454811093557362
-0.0485 -0.00036353635810161197
-0.048 -0.00038273167520833963
-0.0475 -0.0004031515245236702
-0.047 -0.0004248875518607642
-0.0465 -0.00044803927369294755
-0.046 -0.00047271483923810864
-0.0455 -0.0004990318745115851
-0.045 -0.0005271184180124094
-0.0445 -0.0005571139589423749
-0.044 -0.0005891705902589511
-0.043500000000000004 -0.0006234542904580455
-0.043000000000000003 -0.0006601463497976599
-0.0425 -0.0006994449587405076
-0.042 -0.0007415669787497938
-0.0415 -0.0007867499182591508
-0.041 -0.0008352541397033397
-0.0405 -0.0008873653269971526
-0.04 -0.0009433972468470796
-0.0395 -0.0010036948418492564
-0.039 -0.001068637698547292
-0.0385 -0.0011386439395928236
-0.038 -0.0012141745959738971
-0.0375 -0.0012957385230756915
-0.037 -0.0013838979332510652
-0.0365 -0.0014792746277581138
-0.036000000000000004 -0.0015825570225431306
-0.035500000000000004 -0.0016945080755977962
-0.035 -0.001815974238709099
-0.0345 -0.0019478955735768803
-0.034 -0.0020913171917330865
-0.0335 -0.0022474021997097773
-0.033 -0.0024174463557153445
-0.0325 -0.0026028946719220247
-0.032 -0.002805360227538677
-0.0315 -0.003026645492266892
-0.031 -0.0032687664975322543
-0.0305 -0.003533980233884515
-0.03 -0.0038248156967446868
-0.029500000000000002 -0.004144109048435554
-0.029 -0.004495043410805052
-0.0285 -0.00488119384760252
-0.028 -0.005306578135896772
-0.0275 -0.005775713956549286
-0.027 -0.006293683148425027
-0.0265 -0.006866203660310658
-0.026000000000000002 -0.007499709785588416
-0.025500000000000002 -0.008201441160162427
-0.025 -0.00897954082062934
-0.0245 -0.009843162326430387
-0.024 -0.010802585506652557
-0.0235 -0.011869339747985357
-0.023 -0.013056332830700065
-0.0225 -0.014377982065390826
-0.022 -0.015850342790391308
-0.021500000000000002 -0.017491227050129097
-0.021 -0.019320302370551802
-0.0205 -0.021359156861293825
-0.02 -0.023631312303803723
-0.0195 -0.02616216137079742
-0.019 -0.028978798685652514
-0.0185 -0.03210970822131179
-0.018000000000000002 -0.03558426189757498
-0.0175 -0.03943197675541865
-0.017 -0.04368147165582133
-0.0165 -0.0483590602536803
-0.016 -0.053486916432145495
-0.0155 -0.059080752849414164
-0.015 -0.06514696379986588
-0.0145 -0.07167920047822493
-0.014 -0.07865436904801375
-0.0135 -0.08602806766627796
-0.013000000000000001 -0.0937295059044341
-0.0125 -0.10165598006351115
-0.012 -0.10966702077932303
-0.0115 -0.11757841249717205
-0.011 -0.1251564626938425
-0.0105 -0.13211326106790272
-0.01 -0.13810433081047208
-0.0095 -0.14273113463548603
-0.009000000000000001 -0.14555232881363245
-0.0085 -0.14610909028363994
-0.008 -0.14397027597661452
-0.0075 -0.1388008152527986
-0.007 -0.13044948042082263
-0.006500000000000001 -0.1190394378144968
-0.006 -0.1050307034002543
-0.0055 -0.08921783992993246
-0.005 -0.07264026048692658
-0.0045000000000000005 -0.056417131599381415
-0.004 -0.04155625054930333
-0.0035 -0.028800163297991885
-0.003 -0.018552393380572497
-0.0025 -0.01088757490324762
-0.002 -0.0056178975210533985
-0.0015 -0.002378839633369774
-0.001 -0.000705813256273502
-0.0005 -8.825473369488551e-05
0.0 4.017723653770844e-12
0.0005 8.825474159837587e-05
0.001 0.0007058132637740647
0.0015 0.0023788396401774603
0.002 0.005617897526854244
0.0025 0.010887574907709939
0.003 0.018552393383370495
0.0035 0.028800163298848137
0.004 0.041556250548045445
0.0045000000000000005 0.056417131595998773
0.005 0.07264026048160452
0.0055 0.08921783992304302
0.006 0.10503070339229845
0.006500000000000001 0.11903943780601442
0.007 0.13044948041230248
0.0075 0.13880081524461602
0.008 0.14397027596900866
0.0085 0.14610909027672497
0.009000000000000001 0.14555232880742777
0.0095 0.14273113462995088
0.01 0.13810433080553602
0.0105 0.13211326106348742
0.011 0.12515646268987513
0.0115 0.11757841249359167
0.012 0.10966702077608262
0.0125 0.10165598006057623
0.013000000000000001 0.09372950590178056
0.0135 0.0860280676638889
0.014 0.078654369045877
0.0145 0.07167920047633078
0.015 0.06514696379820543
0.0155 0.05908075284797827
0.016 0.053486916430924146
0.0165 0.048359060252662484
0.017 0.043681471654995065
0.0175 0.039431976754771045
0.018000000000000002 0.03558426189709258
0.0185 0.03210970822098106
0.019 0.028978798685459856
0.0195 0.0261621613707295
0.02 0.023631312303847803
0.0205 0.02135915686143775
0.021 0.019320302370784123
0.021500000000000002 0.0174912270504392
0.022 0.015850342790769436
0.0225 0.014377982065827986
0.023 0.013056332831188126
0.0235 0.011869339748516956
0.024 0.010802585507221057
0.0245 0.009843162327029906
0.025 0.008979540821254565
0.025500000000000002 0.008201441160808662
0.026000000000000002 0.007499709786251495
0.0265 0.006866203660986937
0.027 0.006293683149111214
0.0275 0.005775713957242586
0.028 0.005306578136594665
0.0285 0.0048811938483028505
0.029 0.004495043411505913
0.029500000000000002 0.004144109049135345
0.03 0.0038248156974419432
0.0305 0.0035339802345780574
0.031 0.0032687664982209708
0.0315 0.0030266454929499115
0.032 0.0028053602282152555
0.0325 0.0026028946725914943
0.033 0.002417446356377185
0.0335 0.002247402200363558
0.034 0.002091317192378428
0.0345 0.0019478955742134665
0.035 0.0018159742393367394
0.035500000000000004 0.0016945080762163015
0.036000000000000004 0.0015825570231523742
0.0365 0.0014792746283579933
0.037 0.001383897933841565
0.0375 0.0012957385236567892
0.038 0.0012141745965455752
0.0385 0.001138643940155143
0.039 0.0010686376991002958
0.0395 0.001003694842392995
0.04 0.0009433972473816415
0.0405 0.0008873653275226455
0.041 0.000835254140219897
0.0415 0.000786749918766835
0.042 0.0007415669792487662
0.0425 0.0006994449592308757
0.043000000000000003 0.0006601463502795783
0.043500000000000004 0.0006234542909316441
0.044 0.0005891705907243774
0.0445 0.0005571139593997573
0.045 0.0005271184184618954
0.0455 0.0004990318749533325
0.046 0.0004727148396722544
0.0465 0.0004480392741196288
0.047 0.000424887552280144
0.0475 0.00040315152493586824
0.048 0.00038273167561352246
0.0485 0.00036353635849991316
0.049 0.0003454811097472893
0.0495 0.0003284880245472011
0.05 0.0003124851931968261
